Loading Test Cameras [23/03 15:42:21]
tensor([[ 1.0000e+00,  1.0411e-06, -1.1369e-13,  1.4366e-13],
        [ 4.8569e-07, -4.6652e-01, -8.8451e-01, -2.6218e-08],
        [-9.2086e-07,  8.8451e-01, -4.6652e-01,  4.0311e+00],
        [ 0.0000e+00,  0.0000e+00,  0.0000e+00,  1.0000e+00]], device='cuda:0',
       grad_fn=<TBackward0>) [23/03 15:42:24]
tensor([[1.1111e+03, 0.0000e+00, 4.0000e+02],
        [0.0000e+00, 1.1111e+03, 4.0000e+02],
        [0.0000e+00, 0.0000e+00, 1.0000e+00]], device='cuda:0') [23/03 15:42:24]
tensor([[-1.1027e-06,  1.0000e+00,  1.1921e-07,  1.4366e-13],
        [ 4.6652e-01,  3.8743e-07, -8.8451e-01, -2.6218e-08],
        [-8.8451e-01, -7.4506e-07, -4.6652e-01,  4.0311e+00],
        [ 0.0000e+00,  0.0000e+00,  0.0000e+00,  1.0000e+00]], device='cuda:0',
       grad_fn=<TBackward0>) [23/03 15:42:24]
tensor([[1.1111e+03, 0.0000e+00, 4.0000e+02],
        [0.0000e+00, 1.1111e+03, 4.0000e+02],
        [0.0000e+00, 0.0000e+00, 1.0000e+00]], device='cuda:0') [23/03 15:42:24]
tensor([[ 7.0711e-01,  7.0711e-01, -2.9802e-08,  1.4366e-13],
        [ 3.2988e-01, -3.2988e-01, -8.8451e-01, -2.6218e-08],
        [-6.2545e-01,  6.2544e-01, -4.6652e-01,  4.0311e+00],
        [ 0.0000e+00,  0.0000e+00,  0.0000e+00,  1.0000e+00]], device='cuda:0',
       grad_fn=<TBackward0>) [23/03 15:42:24]
tensor([[1.1111e+03, 0.0000e+00, 4.0000e+02],
        [0.0000e+00, 1.1111e+03, 4.0000e+02],
        [0.0000e+00, 0.0000e+00, 1.0000e+00]], device='cuda:0') [23/03 15:42:24]
