Loading Test Cameras [26/03 12:25:44]
tensor([[-9.3266e-01,  3.6077e-01,  1.4901e-08, -4.1851e-08],
        [ 2.2500e-01,  5.8167e-01, -7.8169e-01,  2.1608e-08],
        [-2.8201e-01, -7.2905e-01, -6.2367e-01,  4.0311e+00],
        [ 0.0000e+00,  0.0000e+00,  0.0000e+00,  1.0000e+00]], device='cuda:0',
       grad_fn=<TBackward0>) [26/03 12:25:45]
tensor([[1.1111e+03, 0.0000e+00, 4.0000e+02],
        [0.0000e+00, 1.1111e+03, 4.0000e+02],
        [0.0000e+00, 0.0000e+00, 1.0000e+00]], device='cuda:0') [26/03 12:25:45]
tensor([[-8.4718e-01, -5.3131e-01, -2.9802e-08,  1.5894e-08],
        [-1.4041e-01,  2.2388e-01, -9.6445e-01, -4.0647e-08],
        [ 5.1242e-01, -8.1706e-01, -2.6426e-01,  4.0311e+00],
        [ 0.0000e+00,  0.0000e+00,  0.0000e+00,  1.0000e+00]], device='cuda:0',
       grad_fn=<TBackward0>) [26/03 12:25:45]
tensor([[1.1111e+03, 0.0000e+00, 4.0000e+02],
        [0.0000e+00, 1.1111e+03, 4.0000e+02],
        [0.0000e+00, 0.0000e+00, 1.0000e+00]], device='cuda:0') [26/03 12:25:45]
tensor([[-9.9429e-01, -9.5271e-02, -4.8161e-02, -4.1851e-08],
        [-4.9973e-04,  4.5530e-01, -8.9034e-01,  2.1608e-08],
        [ 1.0675e-01, -8.8523e-01, -4.5275e-01,  4.0311e+00],
        [ 0.0000e+00,  0.0000e+00,  0.0000e+00,  1.0000e+00]], device='cuda:0',
       grad_fn=<TBackward0>) [26/03 12:25:45]
tensor([[1.1111e+03, 0.0000e+00, 4.0000e+02],
        [0.0000e+00, 1.1111e+03, 4.0000e+02],
        [0.0000e+00, 0.0000e+00, 1.0000e+00]], device='cuda:0') [26/03 12:25:45]
