{
  "KRT": [
    {
      "width": 5784,
      "height": 8660,
      "K": [
        [
          3343.8985570173218,
          0.0,
          0.0
        ],
        [
          0.0,
          3343.8985570173218,
          0.0
        ],
        [
          2885.4785522988655,
          4358.578158829701,
          1.0
        ]
      ],
      "distortion": [
        -0.0392716897207821,
        0.005566985098528676,
        -0.0011326542414922388,
        0.0,
        0.0,
        0.0,
        0.00013151537154037785,
        -0.0004113677262267286
      ],
      "distortionModel": "Fisheye",
      "sensorMasterId": 6,
      "cameraId": "0/0_REN0001",
      "sensorId": 0,
      "T": [
        [
          -0.020263142384966952,
          -0.006131613704455467,
          -0.9997759080924595,
          0.0
        ],
        [
          0.9997939283106831,
          0.0010980376261382763,
          -0.020270241617071083,
          0.0
        ],
        [
          0.0012220809324921646,
          -0.9999805715543765,
          0.006108103239826645,
          0.0
        ],
        [
          -0.3415388047855288,
          1.230249063845045,
          1.3139153643402144,
          1.0
        ]
      ],
      "cameraMasterId": 0,
      "frameId": 0
    },
    {
      "width": 5784,
      "height": 8660,
      "K": [
        [
          3343.8985570173218,
          0.0,
          0.0
        ],
        [
          0.0,
          3343.8985570173218,
          0.0
        ],
        [
          2885.4785522988655,
          4358.578158829701,
          1.0
        ]
      ],
      "distortion": [
        -0.0392716897207821,
        0.005566985098528676,
        -0.0011326542414922388,
        0.0,
        0.0,
        0.0,
        0.00013151537154037785,
        -0.0004113677262267286
      ],
      "distortionModel": "Fisheye",
      "sensorMasterId": 6,
      "cameraId": "0/0_REN0010",
      "sensorId": 0,
      "T": [
        [
          -0.018708002509709075,
          0.00579980915718864,
          -0.9998081982127098,
          0.0
        ],
        [
          0.9998166830799473,
          -0.003965492748664839,
          -0.01873116455752587,
          0.0
        ],
        [
          -0.004073369068144845,
          -0.9999752699542144,
          -0.0057245553519234375,
          0.0
        ],
        [
          -0.34069554099958754,
          0.6304234184369029,
          1.33473775169564,
          1.0
        ]
      ],
      "cameraMasterId": 9,
      "frameId": 1
    },
    {
      "width": 5784,
      "height": 8660,
      "K": [
        [
          3343.8985570173218,
          0.0,
          0.0
        ],
        [
          0.0,
          3343.8985570173218,
          0.0
        ],
        [
          2885.4785522988655,
          4358.578158829701,
          1.0
        ]
      ],
      "distortion": [
        -0.0392716897207821,
        0.005566985098528676,
        -0.0011326542414922388,
        0.0,
        0.0,
        0.0,
        0.00013151537154037785,
        -0.0004113677262267286
      ],
      "distortionModel": "Fisheye",
      "sensorMasterId": 6,
      "cameraId": "0/0_REN0019",
      "sensorId": 0,
      "T": [
        [
          -0.017298291630779686,
          0.02225929379808261,
          -0.9996025730404469,
          0.0
        ],
        [
          0.9998503466394896,
          0.0006287917498668381,
          -0.01728857729799677,
          0.0
        ],
        [
          0.0002437103809865708,
          -0.9997519822124875,
          -0.022266837803220817,
          0.0
        ],
        [
          -0.3474619287242189,
          -0.09648441881575068,
          1.3027257841795883,
          1.0
        ]
      ],
      "cameraMasterId": 18,
      "frameId": 2
    },
    {
      "width": 5784,
      "height": 8660,
      "K": [
        [
          3343.8985570173218,
          0.0,
          0.0
        ],
        [
          0.0,
          3343.8985570173218,
          0.0
        ],
        [
          2885.4785522988655,
          4358.578158829701,
          1.0
        ]
      ],
      "distortion": [
        -0.0392716897207821,
        0.005566985098528676,
        -0.0011326542414922388,
        0.0,
        0.0,
        0.0,
        0.00013151537154037785,
        -0.0004113677262267286
      ],
      "distortionModel": "Fisheye",
      "sensorMasterId": 6,
      "cameraId": "0/0_REN0028",
      "sensorId": 0,
      "T": [
        [
          -0.020636089055373355,
          0.03422498696087544,
          -0.9992011348366675,
          0.0
        ],
        [
          0.9997435760844772,
          0.010027020069554702,
          -0.020303842596383844,
          0.0
        ],
        [
          0.009324111023348512,
          -0.9993638251345796,
          -0.034423125385371234,
          0.0
        ],
        [
          -0.3428315882943076,
          -0.8672022781561171,
          1.268455361207499,
          1.0
        ]
      ],
      "cameraMasterId": 27,
      "frameId": 3
    },
    {
      "width": 5784,
      "height": 8660,
      "K": [
        [
          3343.8985570173218,
          0.0,
          0.0
        ],
        [
          0.0,
          3343.8985570173218,
          0.0
        ],
        [
          2885.4785522988655,
          4358.578158829701,
          1.0
        ]
      ],
      "distortion": [
        -0.0392716897207821,
        0.005566985098528676,
        -0.0011326542414922388,
        0.0,
        0.0,
        0.0,
        0.00013151537154037785,
        -0.0004113677262267286
      ],
      "distortionModel": "Fisheye",
      "sensorMasterId": 6,
      "cameraId": "0/0_REN0037",
      "sensorId": 0,
      "T": [
        [
          -0.019836330777093104,
          0.01484914404736934,
          -0.9996929769457139,
          0.0
        ],
        [
          0.9997169135040601,
          0.013432627549051808,
          -0.019637281211374664,
          0.0
        ],
        [
          0.013136906431658796,
          -0.999799437799414,
          -0.015111391975823438,
          0.0
        ],
        [
          -0.3440624791439897,
          -1.5258427142874038,
          1.2709727114798428,
          1.0
        ]
      ],
      "cameraMasterId": 36,
      "frameId": 4
    },
    {
      "width": 5784,
      "height": 8660,
      "K": [
        [
          3343.8985570173218,
          0.0,
          0.0
        ],
        [
          0.0,
          3343.8985570173218,
          0.0
        ],
        [
          2885.4785522988655,
          4358.578158829701,
          1.0
        ]
      ],
      "distortion": [
        -0.0392716897207821,
        0.005566985098528676,
        -0.0011326542414922388,
        0.0,
        0.0,
        0.0,
        0.00013151537154037785,
        -0.0004113677262267286
      ],
      "distortionModel": "Fisheye",
      "sensorMasterId": 6,
      "cameraId": "0/0_REN0046",
      "sensorId": 0,
      "T": [
        [
          -0.018696301273480743,
          0.019799661559724294,
          -0.9996291927962576,
          0.0
        ],
        [
          0.9996914788003879,
          0.016721905298515673,
          -0.01836625514326394,
          0.0
        ],
        [
          0.016352058860685366,
          -0.9996640898084452,
          -0.020106186994807162,
          0.0
        ],
        [
          -0.3548729023307542,
          -1.4347519445292367,
          0.45368086844913824,
          1.0
        ]
      ],
      "cameraMasterId": 45,
      "frameId": 5
    },
    {
      "width": 5784,
      "height": 8660,
      "K": [
        [
          3343.8985570173218,
          0.0,
          0.0
        ],
        [
          0.0,
          3343.8985570173218,
          0.0
        ],
        [
          2885.4785522988655,
          4358.578158829701,
          1.0
        ]
      ],
      "distortion": [
        -0.0392716897207821,
        0.005566985098528676,
        -0.0011326542414922388,
        0.0,
        0.0,
        0.0,
        0.00013151537154037785,
        -0.0004113677262267286
      ],
      "distortionModel": "Fisheye",
      "sensorMasterId": 6,
      "cameraId": "0/0_REN0055",
      "sensorId": 0,
      "T": [
        [
          -0.01635953878194175,
          -0.02701576164401997,
          -0.9995011817460434,
          0.0
        ],
        [
          0.9997837272401278,
          0.012393988877679788,
          -0.016699163084691847,
          0.0
        ],
        [
          0.012838946968498369,
          -0.999558141027104,
          0.02680716180544385,
          0.0
        ],
        [
          -0.3736735307509029,
          -1.4842253411635244,
          -0.1474333072459295,
          1.0
        ]
      ],
      "cameraMasterId": 54,
      "frameId": 6
    },
    {
      "width": 5784,
      "height": 8660,
      "K": [
        [
          3343.8985570173218,
          0.0,
          0.0
        ],
        [
          0.0,
          3343.8985570173218,
          0.0
        ],
        [
          2885.4785522988655,
          4358.578158829701,
          1.0
        ]
      ],
      "distortion": [
        -0.0392716897207821,
        0.005566985098528676,
        -0.0011326542414922388,
        0.0,
        0.0,
        0.0,
        0.00013151537154037785,
        -0.0004113677262267286
      ],
      "distortionModel": "Fisheye",
      "sensorMasterId": 6,
      "cameraId": "0/0_REN0064",
      "sensorId": 0,
      "T": [
        [
          -0.023810785581218533,
          0.012971496542939522,
          -0.9996323725554375,
          0.0
        ],
        [
          0.9996584375522785,
          0.011087345574679497,
          -0.023667533858190776,
          0.0
        ],
        [
          0.010776266268447205,
          -0.9998543511124471,
          -0.013231060499808454,
          0.0
        ],
        [
          -0.38923601508749117,
          -1.5746753757188907,
          -0.7957547904975331,
          1.0
        ]
      ],
      "cameraMasterId": 63,
      "frameId": 7
    },
    {
      "width": 5784,
      "height": 8660,
      "K": [
        [
          3343.8985570173218,
          0.0,
          0.0
        ],
        [
          0.0,
          3343.8985570173218,
          0.0
        ],
        [
          2885.4785522988655,
          4358.578158829701,
          1.0
        ]
      ],
      "distortion": [
        -0.0392716897207821,
        0.005566985098528676,
        -0.0011326542414922388,
        0.0,
        0.0,
        0.0,
        0.00013151537154037785,
        -0.0004113677262267286
      ],
      "distortionModel": "Fisheye",
      "sensorMasterId": 6,
      "cameraId": "0/0_REN0073",
      "sensorId": 0,
      "T": [
        [
          -0.020644896681740067,
          -0.007954889749721457,
          -0.9997552765289852,
          0.0
        ],
        [
          0.9997467599302853,
          0.008795889764551779,
          -0.020714708047279554,
          0.0
        ],
        [
          0.008958520209521832,
          -0.9999296181666792,
          0.007771288366397967,
          0.0
        ],
        [
          -0.4021933425583173,
          -1.4716067097695895,
          -1.455459524807454,
          1.0
        ]
      ],
      "cameraMasterId": 72,
      "frameId": 8
    },
    {
      "width": 5784,
      "height": 8660,
      "K": [
        [
          3343.8985570173218,
          0.0,
          0.0
        ],
        [
          0.0,
          3343.8985570173218,
          0.0
        ],
        [
          2885.4785522988655,
          4358.578158829701,
          1.0
        ]
      ],
      "distortion": [
        -0.0392716897207821,
        0.005566985098528676,
        -0.0011326542414922388,
        0.0,
        0.0,
        0.0,
        0.00013151537154037785,
        -0.0004113677262267286
      ],
      "distortionModel": "Fisheye",
      "sensorMasterId": 6,
      "cameraId": "0/0_REN0082",
      "sensorId": 0,
      "T": [
        [
          -0.02417106798902511,
          0.008170445787812172,
          -0.9996744785593092,
          0.0
        ],
        [
          0.9996834058929288,
          0.0071903026678355785,
          -0.024112516417729872,
          0.0
        ],
        [
          0.006990952183974536,
          -0.9999407294825456,
          -0.008341652641291906,
          0.0
        ],
        [
          -0.42216802121882924,
          -1.388426248384151,
          -2.1270233242004797,
          1.0
        ]
      ],
      "cameraMasterId": 81,
      "frameId": 9
    },
    {
      "width": 5784,
      "height": 8660,
      "K": [
        [
          3343.8985570173218,
          0.0,
          0.0
        ],
        [
          0.0,
          3343.8985570173218,
          0.0
        ],
        [
          2885.4785522988655,
          4358.578158829701,
          1.0
        ]
      ],
      "distortion": [
        -0.0392716897207821,
        0.005566985098528676,
        -0.0011326542414922388,
        0.0,
        0.0,
        0.0,
        0.00013151537154037785,
        -0.0004113677262267286
      ],
      "distortionModel": "Fisheye",
      "sensorMasterId": 6,
      "cameraId": "0/0_REN0091",
      "sensorId": 0,
      "T": [
        [
          -0.017857194992250306,
          0.020668800537508678,
          -0.9996269329207799,
          0.0
        ],
        [
          0.9998209056887231,
          0.006634671247805654,
          -0.017723477800647813,
          0.0
        ],
        [
          0.006265872577183794,
          -0.9997643145795436,
          -0.020783570922984135,
          0.0
        ],
        [
          -0.411697060298861,
          -0.8457895746777131,
          -2.1787566833958305,
          1.0
        ]
      ],
      "cameraMasterId": 90,
      "frameId": 10
    },
    {
      "width": 5784,
      "height": 8660,
      "K": [
        [
          3343.8985570173218,
          0.0,
          0.0
        ],
        [
          0.0,
          3343.8985570173218,
          0.0
        ],
        [
          2885.4785522988655,
          4358.578158829701,
          1.0
        ]
      ],
      "distortion": [
        -0.0392716897207821,
        0.005566985098528676,
        -0.0011326542414922388,
        0.0,
        0.0,
        0.0,
        0.00013151537154037785,
        -0.0004113677262267286
      ],
      "distortionModel": "Fisheye",
      "sensorMasterId": 6,
      "cameraId": "0/0_REN0100",
      "sensorId": 0,
      "T": [
        [
          -0.01628805900383632,
          -0.010779305636337408,
          -0.9998092530977096,
          0.0
        ],
        [
          0.9998559539722953,
          0.0046034191698935125,
          -0.01633845097794083,
          0.0
        ],
        [
          0.004778658378575671,
          -0.9999312805605295,
          0.010702773540289803,
          0.0
        ],
        [
          -0.40847788792051687,
          -0.3720480142975269,
          -2.144067685508924,
          1.0
        ]
      ],
      "cameraMasterId": 99,
      "frameId": 11
    },
    {
      "width": 5784,
      "height": 8660,
      "K": [
        [
          3343.8985570173218,
          0.0,
          0.0
        ],
        [
          0.0,
          3343.8985570173218,
          0.0
        ],
        [
          2885.4785522988655,
          4358.578158829701,
          1.0
        ]
      ],
      "distortion": [
        -0.0392716897207821,
        0.005566985098528676,
        -0.0011326542414922388,
        0.0,
        0.0,
        0.0,
        0.00013151537154037785,
        -0.0004113677262267286
      ],
      "distortionModel": "Fisheye",
      "sensorMasterId": 6,
      "cameraId": "0/0_REN0109",
      "sensorId": 0,
      "T": [
        [
          -0.016021490530420877,
          -0.007929453458498254,
          -0.9998402597411742,
          0.0
        ],
        [
          0.9998714893481268,
          -0.0007165567718901518,
          -0.01601630782745865,
          0.0
        ],
        [
          -0.0005894415667039089,
          -0.9999682375205434,
          0.007939918634564051,
          0.0
        ],
        [
          -0.40703892622171334,
          0.10189569662537046,
          -2.130240422756382,
          1.0
        ]
      ],
      "cameraMasterId": 108,
      "frameId": 12
    },
    {
      "width": 5784,
      "height": 8660,
      "K": [
        [
          3343.8985570173218,
          0.0,
          0.0
        ],
        [
          0.0,
          3343.8985570173218,
          0.0
        ],
        [
          2885.4785522988655,
          4358.578158829701,
          1.0
        ]
      ],
      "distortion": [
        -0.0392716897207821,
        0.005566985098528676,
        -0.0011326542414922388,
        0.0,
        0.0,
        0.0,
        0.00013151537154037785,
        -0.0004113677262267286
      ],
      "distortionModel": "Fisheye",
      "sensorMasterId": 6,
      "cameraId": "0/0_REN0118",
      "sensorId": 0,
      "T": [
        [
          -0.015076202440768575,
          0.007418199449024384,
          -0.9998588562277119,
          0.0
        ],
        [
          0.9998861302266778,
          0.0007649243519885556,
          -0.015070938096155319,
          0.0
        ],
        [
          0.0006530171830715179,
          -0.9999721656604316,
          -0.007428885713162012,
          0.0
        ],
        [
          -0.4041776299605213,
          0.5960188269941247,
          -2.104008349112306,
          1.0
        ]
      ],
      "cameraMasterId": 117,
      "frameId": 13
    },
    {
      "width": 5784,
      "height": 8660,
      "K": [
        [
          3343.8985570173218,
          0.0,
          0.0
        ],
        [
          0.0,
          3343.8985570173218,
          0.0
        ],
        [
          2885.4785522988655,
          4358.578158829701,
          1.0
        ]
      ],
      "distortion": [
        -0.0392716897207821,
        0.005566985098528676,
        -0.0011326542414922388,
        0.0,
        0.0,
        0.0,
        0.00013151537154037785,
        -0.0004113677262267286
      ],
      "distortionModel": "Fisheye",
      "sensorMasterId": 6,
      "cameraId": "0/0_REN0127",
      "sensorId": 0,
      "T": [
        [
          -0.013027977857090785,
          0.01895286370694624,
          -0.9997355256799012,
          0.0
        ],
        [
          0.9999087638919936,
          0.0038114979486604753,
          -0.012957977175338059,
          0.0
        ],
        [
          0.0035648990637706717,
          -0.9998130950110172,
          -0.019000788749681554,
          0.0
        ],
        [
          -0.40115661309392636,
          1.1342259097217606,
          -2.044786863907655,
          1.0
        ]
      ],
      "cameraMasterId": 126,
      "frameId": 14
    },
    {
      "width": 5784,
      "height": 8660,
      "K": [
        [
          3343.8985570173218,
          0.0,
          0.0
        ],
        [
          0.0,
          3343.8985570173218,
          0.0
        ],
        [
          2885.4785522988655,
          4358.578158829701,
          1.0
        ]
      ],
      "distortion": [
        -0.0392716897207821,
        0.005566985098528676,
        -0.0011326542414922388,
        0.0,
        0.0,
        0.0,
        0.00013151537154037785,
        -0.0004113677262267286
      ],
      "distortionModel": "Fisheye",
      "sensorMasterId": 6,
      "cameraId": "0/0_REN0136",
      "sensorId": 0,
      "T": [
        [
          -0.015616388853465168,
          0.006179330853085092,
          -0.999858971195765,
          0.0
        ],
        [
          0.9998729528883206,
          0.003300233668923844,
          -0.015596211031085286,
          0.0
        ],
        [
          0.0032033942514761594,
          -0.9999754314822568,
          -0.006230081637278423,
          0.0
        ],
        [
          -0.39275419558875657,
          1.2269642994656786,
          -1.4504536016996035,
          1.0
        ]
      ],
      "cameraMasterId": 135,
      "frameId": 15
    },
    {
      "width": 5784,
      "height": 8660,
      "K": [
        [
          3343.8985570173218,
          0.0,
          0.0
        ],
        [
          0.0,
          3343.8985570173218,
          0.0
        ],
        [
          2885.4785522988655,
          4358.578158829701,
          1.0
        ]
      ],
      "distortion": [
        -0.0392716897207821,
        0.005566985098528676,
        -0.0011326542414922388,
        0.0,
        0.0,
        0.0,
        0.00013151537154037785,
        -0.0004113677262267286
      ],
      "distortionModel": "Fisheye",
      "sensorMasterId": 6,
      "cameraId": "0/0_REN0145",
      "sensorId": 0,
      "T": [
        [
          -0.014976528206485588,
          -0.004440560870851571,
          -0.9998779975255199,
          0.0
        ],
        [
          0.9998877840530428,
          0.0003463814729062875,
          -0.014978212777343979,
          0.0
        ],
        [
          0.0004128509197948517,
          -0.9999900398410284,
          0.004434876884401959,
          0.0
        ],
        [
          -0.3786710129508113,
          1.2380458544591382,
          -0.9402410017375955,
          1.0
        ]
      ],
      "cameraMasterId": 144,
      "frameId": 16
    },
    {
      "width": 5784,
      "height": 8660,
      "K": [
        [
          3343.8985570173218,
          0.0,
          0.0
        ],
        [
          0.0,
          3343.8985570173218,
          0.0
        ],
        [
          2885.4785522988655,
          4358.578158829701,
          1.0
        ]
      ],
      "distortion": [
        -0.0392716897207821,
        0.005566985098528676,
        -0.0011326542414922388,
        0.0,
        0.0,
        0.0,
        0.00013151537154037785,
        -0.0004113677262267286
      ],
      "distortionModel": "Fisheye",
      "sensorMasterId": 6,
      "cameraId": "0/0_REN0154",
      "sensorId": 0,
      "T": [
        [
          -0.018954744171546505,
          -0.03396183376169431,
          -0.9992433865466611,
          0.0
        ],
        [
          0.9998203357701504,
          -0.0006817670872094324,
          -0.018942516625230214,
          0.0
        ],
        [
          -3.7928668004486585e-05,
          -0.9994228766792161,
          0.033968657305658616,
          0.0
        ],
        [
          -0.36920718092014027,
          1.254401443080316,
          -0.4384107791939571,
          1.0
        ]
      ],
      "cameraMasterId": 153,
      "frameId": 17
    },
    {
      "width": 5784,
      "height": 8660,
      "K": [
        [
          3343.8985570173218,
          0.0,
          0.0
        ],
        [
          0.0,
          3343.8985570173218,
          0.0
        ],
        [
          2885.4785522988655,
          4358.578158829701,
          1.0
        ]
      ],
      "distortion": [
        -0.0392716897207821,
        0.005566985098528676,
        -0.0011326542414922388,
        0.0,
        0.0,
        0.0,
        0.00013151537154037785,
        -0.0004113677262267286
      ],
      "distortionModel": "Fisheye",
      "sensorMasterId": 6,
      "cameraId": "0/0_REN0163",
      "sensorId": 0,
      "T": [
        [
          -0.02267173864540493,
          -0.016564925706964745,
          -0.9996057433921425,
          0.0
        ],
        [
          0.9997429351831777,
          -9.896289499457408e-05,
          -0.022673210079191437,
          0.0
        ],
        [
          0.0002766562509170005,
          -0.9998627227319176,
          0.016562913956837337,
          0.0
        ],
        [
          -0.3568595712278575,
          1.3032856851023593,
          0.21060500678079297,
          1.0
        ]
      ],
      "cameraMasterId": 162,
      "frameId": 18
    },
    {
      "width": 5784,
      "height": 8660,
      "K": [
        [
          3343.8985570173218,
          0.0,
          0.0
        ],
        [
          0.0,
          3343.8985570173218,
          0.0
        ],
        [
          2885.4785522988655,
          4358.578158829701,
          1.0
        ]
      ],
      "distortion": [
        -0.0392716897207821,
        0.005566985098528676,
        -0.0011326542414922388,
        0.0,
        0.0,
        0.0,
        0.00013151537154037785,
        -0.0004113677262267286
      ],
      "distortionModel": "Fisheye",
      "sensorMasterId": 6,
      "cameraId": "0/0_REN0172",
      "sensorId": 0,
      "T": [
        [
          -0.023423352775117316,
          0.049551733415751684,
          -0.9984969038004426,
          0.0
        ],
        [
          0.999724497554938,
          -0.0003559757026836257,
          -0.023469816054857425,
          0.0
        ],
        [
          -0.0015184106047067705,
          -0.9987714704689978,
          -0.04952973834770032,
          0.0
        ],
        [
          -0.34357369129640336,
          1.2525487403365307,
          0.8318369784261606,
          1.0
        ]
      ],
      "cameraMasterId": 171,
      "frameId": 19
    },
    {
      "width": 5784,
      "height": 8660,
      "K": [
        [
          3343.8985570173218,
          0.0,
          0.0
        ],
        [
          0.0,
          3343.8985570173218,
          0.0
        ],
        [
          2885.4785522988655,
          4358.578158829701,
          1.0
        ]
      ],
      "distortion": [
        -0.0392716897207821,
        0.005566985098528676,
        -0.0011326542414922388,
        0.0,
        0.0,
        0.0,
        0.00013151537154037785,
        -0.0004113677262267286
      ],
      "distortionModel": "Fisheye",
      "sensorMasterId": 6,
      "cameraId": "0/0_REN0181",
      "sensorId": 0,
      "T": [
        [
          0.0025750699542969754,
          0.9997879809828509,
          0.020428721162991065,
          0.0
        ],
        [
          0.9998661777768062,
          -0.0022441578100697896,
          -0.016204785581242564,
          0.0
        ],
        [
          -0.01615550491431412,
          0.020467711500587838,
          -0.9996599833519946,
          0.0
        ],
        [
          -0.3577494481047736,
          -1.8323715044475535,
          0.9152651782325822,
          1.0
        ]
      ],
      "cameraMasterId": 180,
      "frameId": 20
    },
    {
      "width": 5784,
      "height": 8660,
      "K": [
        [
          3343.8985570173218,
          0.0,
          0.0
        ],
        [
          0.0,
          3343.8985570173218,
          0.0
        ],
        [
          2885.4785522988655,
          4358.578158829701,
          1.0
        ]
      ],
      "distortion": [
        -0.0392716897207821,
        0.005566985098528676,
        -0.0011326542414922388,
        0.0,
        0.0,
        0.0,
        0.00013151537154037785,
        -0.0004113677262267286
      ],
      "distortionModel": "Fisheye",
      "sensorMasterId": 6,
      "cameraId": "0/0_REN0190",
      "sensorId": 0,
      "T": [
        [
          0.003736839003646404,
          0.9994162739772849,
          0.03395788982494037,
          0.0
        ],
        [
          0.9998161946820284,
          -0.0030954654233888226,
          -0.01892029731473475,
          0.0
        ],
        [
          -0.018804137639661912,
          0.034022346881354984,
          -0.9992441354231499,
          0.0
        ],
        [
          -0.36847464748603853,
          -1.8781165682296277,
          0.2930877701636208,
          1.0
        ]
      ],
      "cameraMasterId": 189,
      "frameId": 21
    },
    {
      "width": 5784,
      "height": 8660,
      "K": [
        [
          3343.8985570173218,
          0.0,
          0.0
        ],
        [
          0.0,
          3343.8985570173218,
          0.0
        ],
        [
          2885.4785522988655,
          4358.578158829701,
          1.0
        ]
      ],
      "distortion": [
        -0.0392716897207821,
        0.005566985098528676,
        -0.0011326542414922388,
        0.0,
        0.0,
        0.0,
        0.00013151537154037785,
        -0.0004113677262267286
      ],
      "distortionModel": "Fisheye",
      "sensorMasterId": 6,
      "cameraId": "0/0_REN0199",
      "sensorId": 0,
      "T": [
        [
          0.004795407464171062,
          0.9981205781787031,
          0.06109272551243046,
          0.0
        ],
        [
          0.9998360709387973,
          -0.0037190740424980764,
          -0.017719570733799553,
          0.0
        ],
        [
          -0.017459060166524053,
          0.0611676754972648,
          -0.9979747946893988,
          0.0
        ],
        [
          -0.3799578773626555,
          -1.829365382472969,
          -0.24249441219078993,
          1.0
        ]
      ],
      "cameraMasterId": 198,
      "frameId": 22
    },
    {
      "width": 5784,
      "height": 8660,
      "K": [
        [
          3343.8985570173218,
          0.0,
          0.0
        ],
        [
          0.0,
          3343.8985570173218,
          0.0
        ],
        [
          2885.4785522988655,
          4358.578158829701,
          1.0
        ]
      ],
      "distortion": [
        -0.0392716897207821,
        0.005566985098528676,
        -0.0011326542414922388,
        0.0,
        0.0,
        0.0,
        0.00013151537154037785,
        -0.0004113677262267286
      ],
      "distortionModel": "Fisheye",
      "sensorMasterId": 6,
      "cameraId": "0/0_REN0208",
      "sensorId": 0,
      "T": [
        [
          0.003809873681484473,
          0.9997197988227585,
          -0.023361801272879876,
          0.0
        ],
        [
          0.9999720761969713,
          -0.003958970053762579,
          -0.006339136975561867,
          0.0
        ],
        [
          -0.006429849031257913,
          -0.023336996776128806,
          -0.9997069603880128,
          0.0
        ],
        [
          -0.39054994777895513,
          -1.883455949291712,
          -0.8044531244771139,
          1.0
        ]
      ],
      "cameraMasterId": 207,
      "frameId": 23
    },
    {
      "width": 5784,
      "height": 8660,
      "K": [
        [
          3343.8985570173218,
          0.0,
          0.0
        ],
        [
          0.0,
          3343.8985570173218,
          0.0
        ],
        [
          2885.4785522988655,
          4358.578158829701,
          1.0
        ]
      ],
      "distortion": [
        -0.0392716897207821,
        0.005566985098528676,
        -0.0011326542414922388,
        0.0,
        0.0,
        0.0,
        0.00013151537154037785,
        -0.0004113677262267286
      ],
      "distortionModel": "Fisheye",
      "sensorMasterId": 6,
      "cameraId": "0/0_REN0217",
      "sensorId": 0,
      "T": [
        [
          0.0021870199957691057,
          0.9999881234061796,
          -0.004360878014340902,
          0.0
        ],
        [
          0.999997565320573,
          -0.0021885548995382404,
          -0.0003472410281279607,
          0.0
        ],
        [
          -0.0003567814298613049,
          -0.00436011080156334,
          -0.9999903830828871,
          0.0
        ],
        [
          -0.3944766061903906,
          -1.7304020406229919,
          -1.443224278922331,
          1.0
        ]
      ],
      "cameraMasterId": 216,
      "frameId": 24
    },
    {
      "width": 5784,
      "height": 8660,
      "K": [
        [
          3343.8985570173218,
          0.0,
          0.0
        ],
        [
          0.0,
          3343.8985570173218,
          0.0
        ],
        [
          2885.4785522988655,
          4358.578158829701,
          1.0
        ]
      ],
      "distortion": [
        -0.0392716897207821,
        0.005566985098528676,
        -0.0011326542414922388,
        0.0,
        0.0,
        0.0,
        0.00013151537154037785,
        -0.0004113677262267286
      ],
      "distortionModel": "Fisheye",
      "sensorMasterId": 6,
      "cameraId": "0/0_REN0226",
      "sensorId": 0,
      "T": [
        [
          -0.0008377780705168051,
          0.999999144133767,
          -0.000994282408368418,
          0.0
        ],
        [
          0.9999992215119298,
          0.0008368250783433794,
          -0.0009585151212203238,
          0.0
        ],
        [
          -0.0009576823071953166,
          -0.000995085798166491,
          -0.9999990361199267,
          0.0
        ],
        [
          -0.39518348991807173,
          -1.4538651222627414,
          -1.8002941802488708,
          1.0
        ]
      ],
      "cameraMasterId": 225,
      "frameId": 25
    },
    {
      "width": 5784,
      "height": 8660,
      "K": [
        [
          3343.8985570173218,
          0.0,
          0.0
        ],
        [
          0.0,
          3343.8985570173218,
          0.0
        ],
        [
          2885.4785522988655,
          4358.578158829701,
          1.0
        ]
      ],
      "distortion": [
        -0.0392716897207821,
        0.005566985098528676,
        -0.0011326542414922388,
        0.0,
        0.0,
        0.0,
        0.00013151537154037785,
        -0.0004113677262267286
      ],
      "distortionModel": "Fisheye",
      "sensorMasterId": 6,
      "cameraId": "0/0_REN0235",
      "sensorId": 0,
      "T": [
        [
          0.0034358597542099097,
          0.9987901651382828,
          0.04905559059083636,
          0.0
        ],
        [
          0.9999936972277557,
          -0.003476269321563748,
          0.0007384586421120218,
          0.0
        ],
        [
          0.0009080956004197812,
          0.04905273748300269,
          -0.9987957402024699,
          0.0
        ],
        [
          -0.3936608251670448,
          -0.8101520273832465,
          -1.7379598929568354,
          1.0
        ]
      ],
      "cameraMasterId": 234,
      "frameId": 26
    },
    {
      "width": 5784,
      "height": 8660,
      "K": [
        [
          3343.8985570173218,
          0.0,
          0.0
        ],
        [
          0.0,
          3343.8985570173218,
          0.0
        ],
        [
          2885.4785522988655,
          4358.578158829701,
          1.0
        ]
      ],
      "distortion": [
        -0.0392716897207821,
        0.005566985098528676,
        -0.0011326542414922388,
        0.0,
        0.0,
        0.0,
        0.00013151537154037785,
        -0.0004113677262267286
      ],
      "distortionModel": "Fisheye",
      "sensorMasterId": 6,
      "cameraId": "0/0_REN0244",
      "sensorId": 0,
      "T": [
        [
          0.006490908208992643,
          0.9997576683223912,
          0.02103411149139688,
          0.0
        ],
        [
          0.9999773401974363,
          -0.0064520741107654865,
          -0.0019135690517124155,
          0.0
        ],
        [
          -0.0017773924140771177,
          0.021046052817361306,
          -0.999776885830776,
          0.0
        ],
        [
          -0.3975168053752616,
          -0.30191502547677795,
          -1.6817207688262745,
          1.0
        ]
      ],
      "cameraMasterId": 243,
      "frameId": 27
    },
    {
      "width": 5784,
      "height": 8660,
      "K": [
        [
          3343.8985570173218,
          0.0,
          0.0
        ],
        [
          0.0,
          3343.8985570173218,
          0.0
        ],
        [
          2885.4785522988655,
          4358.578158829701,
          1.0
        ]
      ],
      "distortion": [
        -0.0392716897207821,
        0.005566985098528676,
        -0.0011326542414922388,
        0.0,
        0.0,
        0.0,
        0.00013151537154037785,
        -0.0004113677262267286
      ],
      "distortionModel": "Fisheye",
      "sensorMasterId": 6,
      "cameraId": "0/0_REN0253",
      "sensorId": 0,
      "T": [
        [
          0.0016505047216624062,
          0.9977094346561574,
          0.06762476828812888,
          0.0
        ],
        [
          0.9999933634426713,
          -0.0014263893063664818,
          -0.003362252528718208,
          0.0
        ],
        [
          -0.003258092250558063,
          0.06762986237585289,
          -0.997705142961511,
          0.0
        ],
        [
          -0.39713565995812483,
          0.2552479273082493,
          -1.6469561216084054,
          1.0
        ]
      ],
      "cameraMasterId": 252,
      "frameId": 28
    },
    {
      "width": 5784,
      "height": 8660,
      "K": [
        [
          3343.8985570173218,
          0.0,
          0.0
        ],
        [
          0.0,
          3343.8985570173218,
          0.0
        ],
        [
          2885.4785522988655,
          4358.578158829701,
          1.0
        ]
      ],
      "distortion": [
        -0.0392716897207821,
        0.005566985098528676,
        -0.0011326542414922388,
        0.0,
        0.0,
        0.0,
        0.00013151537154037785,
        -0.0004113677262267286
      ],
      "distortionModel": "Fisheye",
      "sensorMasterId": 6,
      "cameraId": "0/0_REN0262",
      "sensorId": 0,
      "T": [
        [
          -0.0011200893825879202,
          0.9998693939358523,
          0.01612153966561252,
          0.0
        ],
        [
          0.9999819136997445,
          0.0012151942291165937,
          -0.005890655822443688,
          0.0
        ],
        [
          -0.0059094762864872665,
          0.01611464597188667,
          -0.9998526388195629,
          0.0
        ],
        [
          -0.4002076548812641,
          0.7217006297744765,
          -1.6658657944624764,
          1.0
        ]
      ],
      "cameraMasterId": 261,
      "frameId": 29
    },
    {
      "width": 5784,
      "height": 8660,
      "K": [
        [
          3343.8985570173218,
          0.0,
          0.0
        ],
        [
          0.0,
          3343.8985570173218,
          0.0
        ],
        [
          2885.4785522988655,
          4358.578158829701,
          1.0
        ]
      ],
      "distortion": [
        -0.0392716897207821,
        0.005566985098528676,
        -0.0011326542414922388,
        0.0,
        0.0,
        0.0,
        0.00013151537154037785,
        -0.0004113677262267286
      ],
      "distortionModel": "Fisheye",
      "sensorMasterId": 6,
      "cameraId": "0/0_REN0271",
      "sensorId": 0,
      "T": [
        [
          0.002750098482793299,
          0.9997720617027692,
          0.021171152325550717,
          0.0
        ],
        [
          0.9999733357459536,
          -0.002606208172841271,
          -0.0068211158786232705,
          0.0
        ],
        [
          -0.006764384491155434,
          0.021189342722081894,
          -0.9997525450384663,
          0.0
        ],
        [
          -0.39533592974758314,
          1.3161991351299251,
          -1.6295177200330224,
          1.0
        ]
      ],
      "cameraMasterId": 270,
      "frameId": 30
    },
    {
      "width": 5784,
      "height": 8660,
      "K": [
        [
          3343.8985570173218,
          0.0,
          0.0
        ],
        [
          0.0,
          3343.8985570173218,
          0.0
        ],
        [
          2885.4785522988655,
          4358.578158829701,
          1.0
        ]
      ],
      "distortion": [
        -0.0392716897207821,
        0.005566985098528676,
        -0.0011326542414922388,
        0.0,
        0.0,
        0.0,
        0.00013151537154037785,
        -0.0004113677262267286
      ],
      "distortionModel": "Fisheye",
      "sensorMasterId": 6,
      "cameraId": "0/0_REN0280",
      "sensorId": 0,
      "T": [
        [
          0.004383720348411895,
          0.9988371923627478,
          0.048011188561799506,
          0.0
        ],
        [
          0.9999220791129331,
          -0.0038171696311592074,
