<?xml version="1.0" encoding="UTF-8"?>
<document version="2.0.0">
  <chunk label="Chunk 1" enabled="true">
    <sensors next_id="9">
      <sensor id="0" label="Camera 0" type="fisheye" master_id="6">
        <resolution width="5784" height="8660"/>
        <property name="pixel_width" value="0.0041666699999999999"/>
        <property name="pixel_height" value="0.0041666699999999999"/>
        <property name="focal_length" value="14"/>
        <property name="layer_index" value="0"/>
        <bands>
          <band label="Red"/>
          <band label="Green"/>
          <band label="Blue"/>
        </bands>
        <data_type>uint8</data_type>
        <calibration type="fisheye" class="adjusted">
          <resolution width="5784" height="8660"/>
          <f>3343.8985570173218</f>
          <cx>-6.5214477011344867</cx>
          <cy>28.578158829700904</cy>
          <k1>-0.039271689720782099</k1>
          <k2>0.0055669850985286757</k2>
          <k3>-0.0011326542414922388</k3>
          <p1>-0.0004113677262267286</p1>
          <p2>0.00013151537154037785</p2>
        </calibration>
        <rotation>-0.02078316586408701 0.0079412184960628331 -0.99975246789666117 -0.99978400651427357 -0.00018338378375340085 0.020782364847435137 -1.8301090261197018e-05 0.99996845121192857 0.0079433145401933882</rotation>
        <rotation_covariance>2.1021869682774976e-10 1.1476694648221929e-11 -6.0784559101085708e-12 1.1476694648221929e-11 9.0967046635496276e-11 1.4479434697643296e-11 -6.0784559101085708e-12 1.4479434697643298e-11 7.9838782742862978e-11</rotation_covariance>
        <location>-1.0035448805836469 2.4096157540382341 -0.76173804988677818</location>
        <location_covariance>3.5312704082769223e-09 -7.7584016263503592e-09 2.49227570195308e-09 -7.7584016263503592e-09 1.8944826424505073e-08 -6.0883305937895131e-09 2.49227570195308e-09 -6.0883305937895131e-09 2.8558093120616669e-09</location_covariance>
        <covariance>
          <params>f cx cy k1 k2 k3 p1 p2</params>
          <coeffs>0.0013266087457483129 4.6781790489096494e-05 -3.2596803907112216e-05 -9.333059507702473e-07 7.9850729651175608e-07 -2.0826532293069717e-07 -1.7057257226222337e-09 2.1852795738947005e-10 4.6781790489096494e-05 0.0021384615192009434 -4.1355250577006633e-05 9.4783610114198542e-08 -6.1549674130535639e-08 1.3835648709329569e-08 -6.0796404551358475e-08 4.2978657681277284e-10 -3.2596803907112216e-05 -4.1355250577006633e-05 0.0022251179609019947 2.9438556669447484e-08 -2.3274898367076861e-08 5.3309076291424856e-09 -1.0951997193667563e-09 -2.9560418482520583e-08 -9.333059507702473e-07 9.4783610114198542e-08 2.9438556669447484e-08 9.6952158496625259e-10 -9.1526981848727072e-10 2.5253563212475662e-10 -9.9846945041838518e-12 -3.0016833855490511e-13 7.9850729651175608e-07 -6.1549674130535639e-08 -2.3274898367076861e-08 -9.1526981848727072e-10 9.2140744491194633e-10 -2.6588575483414895e-10 8.6380425178393693e-12 -1.0314059208065522e-13 -2.0826532293069717e-07 1.3835648709329569e-08 5.3309076291424856e-09 2.5253563212475662e-10 -2.6588575483414895e-10 7.9447683276064609e-11 -2.198417978641894e-12 1.4916362586723383e-13 -1.7057257226222337e-09 -6.0796404551358475e-08 -1.0951997193667563e-09 -9.9846945041838518e-12 8.6380425178393693e-12 -2.198417978641894e-12 3.5170675175225097e-12 6.7743536904821998e-14 2.1852795738947005e-10 4.2978657681277284e-10 -2.9560418482520583e-08 -3.0016833855490511e-13 -1.0314059208065522e-13 1.4916362586723383e-13 6.7743536904821998e-14 1.1960899895174049e-12</coeffs>
        </covariance>
        <black_level>0 0 0</black_level>
        <sensitivity>1 1 1</sensitivity>
      </sensor>
      <sensor id="1" label="Camera 1" type="fisheye" master_id="6">
        <resolution width="5784" height="8660"/>
        <property name="pixel_width" value="0.0041666699999999999"/>
        <property name="pixel_height" value="0.0041666699999999999"/>
        <property name="focal_length" value="12"/>
        <property name="layer_index" value="0"/>
        <bands>
          <band label="Red"/>
          <band label="Green"/>
          <band label="Blue"/>
        </bands>
        <data_type>uint8</data_type>
        <calibration type="fisheye" class="adjusted">
          <resolution width="5784" height="8660"/>
          <f>2934.5838745235087</f>
          <cx>21.338879233072685</cx>
          <cy>28.113495530507443</cy>
          <k1>-0.044544687866860229</k1>
          <k2>0.0068406185524877055</k2>
          <k3>-0.0012958440761259454</k3>
          <p1>0.00019760309134399422</p1>
          <p2>0.00032962580581786909</p2>
        </calibration>
        <rotation>0.99997098718866273 0.0049976454875649712 -0.0057487668689311473 -0.0049692804908512576 0.99997546165442663 0.004937847751743097 0.0057733034162378615 -0.0049091372558496523 0.99997128425723636</rotation>
        <rotation_covariance>1.5089118805027903e-10 -2.1402555809486882e-12 1.6655633304977852e-12 -2.1402555809486882e-12 1.3346195616743642e-10 -8.124116534214279e-12 1.665563330497785e-12 -8.1241165342142806e-12 7.2104777097005269e-12</rotation_covariance>
        <location>-0.07888339704420555 2.0532322628457131 0.0063646423707578335</location>
        <location_covariance>2.4360956395299089e-10 -5.1008202142454767e-10 1.2037903310497781e-11 -5.1008202142454767e-10 1.3966201752535811e-08 -2.4859124250905884e-10 1.2037903310497781e-11 -2.4859124250905884e-10 7.984296484197342e-10</location_covariance>
        <covariance>
          <params>f cx cy k1 k2 k3 p1 p2</params>
          <coeffs>0.00081781151001128721 1.677261017556191e-05 -1.3574349186371296e-05 -6.1786582057098368e-07 5.184041601980031e-07 -1.3234721204095231e-07 -6.0930442510890605e-11 3.2671766439653225e-09 1.677261017556191e-05 0.0011869199760616168 2.1301469903749458e-05 -1.6123943818792041e-09 -4.9732498910025796e-10 3.3061660815275348e-10 -2.2579737391196992e-08 1.1486897879256229e-10 -1.3574349186371296e-05 2.1301469903749458e-05 0.0019667977037797872 -3.3157826327089808e-08 1.4312944340841625e-08 -2.4258259540277571e-09 -1.0848417815840217e-10 -4.7322522477418871e-08 -6.1786582057098368e-07 -1.6123943818792041e-09 -3.3157826327089808e-08 7.2037512236279264e-10 -6.6141685179568876e-10 1.7694502383458941e-10 2.3628086061336437e-13 4.6431885640710669e-12 5.184041601980031e-07 -4.9732498910025796e-10 1.4312944340841625e-08 -6.6141685179568876e-10 6.4730345219876538e-10 -1.8077703482851798e-10 -1.6148394297907887e-13 -4.9179436131851891e-12 -1.3234721204095231e-07 3.3061660815275348e-10 -2.4258259540277571e-09 1.7694502383458941e-10 -1.8077703482851798e-10 5.216751412417802e-11 3.1535179504881141e-14 1.3099224597875174e-12 -6.0930442510890605e-11 -2.2579737391196992e-08 -1.0848417815840217e-10 2.3628086061336437e-13 -1.6148394297907887e-13 3.1535179504881141e-14 1.2471546876628054e-12 1.0983597319240873e-14 3.2671766439653225e-09 1.1486897879256229e-10 -4.7322522477418871e-08 4.6431885640710669e-12 -4.9179436131851891e-12 1.3099224597875174e-12 1.0983597319240873e-14 2.4337760930742832e-12</coeffs>
        </covariance>
        <black_level>0 0 0</black_level>
        <sensitivity>1 1 1</sensitivity>
      </sensor>
      <sensor id="2" label="Camera 2" type="fisheye" master_id="6">
        <resolution width="5784" height="8660"/>
        <property name="pixel_width" value="0.0041666699999999999"/>
        <property name="pixel_height" value="0.0041666699999999999"/>
        <property name="focal_length" value="12"/>
        <property name="layer_index" value="0"/>
        <bands>
          <band label="Red"/>
          <band label="Green"/>
          <band label="Blue"/>
        </bands>
        <data_type>uint8</data_type>
        <calibration type="fisheye" class="adjusted">
          <resolution width="5784" height="8660"/>
          <f>2892.2180078391357</f>
          <cx>-13.864907548932868</cx>
          <cy>54.462983983543893</cy>
          <k1>-0.042831418227418649</k1>
          <k2>0.0053251704400524603</k2>
          <k3>-0.00085263277739890857</k3>
          <p1>-0.00015592411945729477</p1>
          <p2>9.7445127950534838e-05</p2>
        </calibration>
        <rotation>-0.0070357635478080589 -0.0122054660979219 0.99990075738976703 -0.0097875191717963512 0.99987844966336081 0.012136324289297529 -0.99992734861076826 -0.0097011595248070303 -0.0071543695818144376</rotation>
        <rotation_covariance>1.0415098901716462e-10 7.3638769463011583e-12 -2.9227135636588395e-11 7.3638769463011567e-12 1.0752908791409151e-10 -6.1212630922987719e-12 -2.9227135636588402e-11 -6.1212630922987727e-12 7.7481683673295701e-11</rotation_covariance>
        <location>0.53774074267441341 1.5396247759012793 -0.92433624399917003</location>
        <location_covariance>1.224710546170465e-09 2.6654593681590135e-09 -1.6115091745048676e-09 2.6654593681590135e-09 7.8590219770580115e-09 -4.6388351801710098e-09 -1.6115091745048676e-09 -4.6388351801710098e-09 3.3865563767000853e-09</location_covariance>
        <covariance>
          <params>f cx cy k1 k2 k3 p1 p2</params>
          <coeffs>0.00073815338999365463 1.7268094543110701e-05 1.6294389456947395e-05 -5.1365921254499879e-07 3.9707473443549735e-07 -9.5271059953117083e-08 -1.8304802990140691e-10 4.0456799417448417e-09 1.7268094543110701e-05 0.00095382280503688102 -9.1029566495358963e-06 4.0009184270361222e-09 -3.7330600222054844e-09 9.2857808904204822e-10 -2.0983071992912409e-08 8.4018913162467653e-10 1.6294389456947395e-05 -9.1029566495358963e-06 0.0017459125437095039 -1.1109106688471914e-08 3.6301024070394684e-09 -3.9456270043366162e-11 7.1780514321962123e-10 -4.552332486578729e-08 -5.1365921254499879e-07 4.0009184270361222e-09 -1.1109106688471914e-08 5.154122216176936e-10 -4.3422028332082315e-10 1.0850924947287211e-10 -2.2955995498431224e-13 8.6560618600630453e-14 3.9707473443549735e-07 -3.7330600222054844e-09 3.6301024070394684e-09 -4.3422028332082315e-10 3.8938143165394806e-10 -1.0135472691289144e-10 2.4108579258545787e-13 -1.3715658817581492e-12 -9.5271059953117083e-08 9.2857808904204822e-10 -3.9456270043366162e-11 1.0850924947287211e-10 -1.0135472691289144e-10 2.7230970858914327e-11 -7.6612501515141644e-14 3.435568900062089e-13 -1.8304802990140691e-10 -2.0983071992912409e-08 7.1780514321962123e-10 -2.2955995498431224e-13 2.4108579258545787e-13 -7.6612501515141644e-14 1.0472529393440874e-12 -2.0636847159140925e-14 4.0456799417448417e-09 8.4018913162467653e-10 -4.552332486578729e-08 8.6560618600630453e-14 -1.3715658817581492e-12 3.435568900062089e-13 -2.0636847159140925e-14 2.3532657222584961e-12</coeffs>
        </covariance>
        <black_level>0 0 0</black_level>
        <sensitivity>1 1 1</sensitivity>
      </sensor>
      <sensor id="3" label="Camera 3" type="fisheye" master_id="6">
        <resolution width="5784" height="8660"/>
        <property name="pixel_width" value="0.0041666699999999999"/>
        <property name="pixel_height" value="0.0041666699999999999"/>
        <property name="focal_length" value="12"/>
        <property name="layer_index" value="0"/>
        <bands>
          <band label="Red"/>
          <band label="Green"/>
          <band label="Blue"/>
        </bands>
        <data_type>uint8</data_type>
        <calibration type="fisheye" class="adjusted">
          <resolution width="5784" height="8660"/>
          <f>2930.0045406947906</f>
          <cx>-15.970587376547808</cx>
          <cy>20.217976933648846</cy>
          <k1>-0.042250238212022319</k1>
          <k2>0.0050367601841163484</k2>
          <k3>-0.00079920964879577464</k3>
          <p1>-0.0003397832488743149</p1>
          <p2>0.00037613672560886998</p2>
        </calibration>
        <rotation>0.99998667645903494 -0.0051370118474476064 0.00050795048260269572 0.0051221931840423063 0.99965382483050536 0.025806852553616887 -0.00064034475007155374 -0.0258039068944599 0.99966681866889306</rotation>
        <rotation_covariance>1.0666797213803391e-10 1.2410632484912723e-14 1.1524928943837437e-12 1.2410632484912777e-14 9.1781611209184217e-11 -1.851397506534459e-11 1.1524928943837435e-12 -1.8513975065344593e-11 9.0576488294314921e-12</rotation_covariance>
        <location>-0.074981537173710727 1.0512325109442058 0.0027503645542118309</location>
        <location_covariance>2.3270202661795327e-10 -2.4951866106302951e-10 1.5310398996004428e-11 -2.4951866106302951e-10 3.935012055514306e-09 -7.7934744453137535e-11 1.5310398996004428e-11 -7.7934744453137535e-11 5.469764040449013e-10</location_covariance>
        <covariance>
          <params>f cx cy k1 k2 k3 p1 p2</params>
          <coeffs>0.0017303336019028998 -4.6301142127172669e-06 2.7259427584156112e-05 -1.1088112866675479e-06 7.7758066927343848e-07 -1.7127208438081269e-07 1.0695008361841547e-09 2.9063727020741353e-09 -4.6301142127172669e-06 0.0010296299561488931 8.7097067312457037e-06 1.2858987928914928e-08 -1.1496656963560759e-08 2.790431621167905e-09 -2.6673366163257965e-08 2.3512483314873168e-10 2.7259427584156112e-05 8.7097067312457037e-06 0.0019945186634004147 -1.2162637958396948e-08 1.9239904839833883e-08 -4.8318686652837493e-09 2.0069418519705212e-11 -5.5034420488863527e-08 -1.1088112866675479e-06 1.2858987928914928e-08 -1.2162637958396948e-08 9.3327324341109286e-10 -7.0547417271856404e-10 1.6134992591342907e-10 -9.6013044180170928e-13 1.3139205914984383e-12 7.7758066927343848e-07 -1.1496656963560759e-08 1.9239904839833883e-08 -7.0547417271856404e-10 5.6110158192999638e-10 -1.3272625808744409e-10 7.9793147809524892e-13 -3.3751643641067107e-12 -1.7127208438081269e-07 2.790431621167905e-09 -4.8318686652837493e-09 1.6134992591342907e-10 -1.3272625808744409e-10 3.2226794539059607e-11 -2.033265506545305e-13 8.3504711575020943e-13 1.0695008361841547e-09 -2.6673366163257965e-08 2.0069418519705212e-11 -9.6013044180170928e-13 7.9793147809524892e-13 -2.033265506545305e-13 1.3686813029745935e-12 1.811876954741823e-14 2.9063727020741353e-09 2.3512483314873168e-10 -5.5034420488863527e-08 1.3139205914984383e-12 -3.3751643641067107e-12 8.3504711575020943e-13 1.811876954741823e-14 2.9903300794411924e-12</coeffs>
        </covariance>
        <black_level>0 0 0</black_level>
        <sensitivity>1 1 1</sensitivity>
      </sensor>
      <sensor id="4" label="Camera 4" type="fisheye" master_id="6">
        <resolution width="5784" height="8660"/>
        <property name="pixel_width" value="0.0041666699999999999"/>
        <property name="pixel_height" value="0.0041666699999999999"/>
        <property name="focal_length" value="12"/>
        <property name="layer_index" value="0"/>
        <bands>
          <band label="Red"/>
          <band label="Green"/>
          <band label="Blue"/>
        </bands>
        <data_type>uint8</data_type>
        <calibration type="fisheye" class="adjusted">
          <resolution width="5784" height="8660"/>
          <f>2870.9682590000862</f>
          <cx>3.0100223341650132</cx>
          <cy>18.86948861310033</cy>
          <k1>-0.042301212349118066</k1>
          <k2>0.0045801131589638363</k2>
          <k3>-0.00065416356734678981</k3>
          <p1>0.00010219150159339244</p1>
          <p2>0.00010829317705574658</p2>
        </calibration>
        <rotation>-0.011328876093054763 0.020808279352392951 -0.99971929664124404 -0.019639224047342821 0.99958597513653347 0.021028057189452463 0.99974294568418287 0.019871935505566311 -0.01091552719643574</rotation>
        <rotation_covariance>8.4512855034533641e-11 -7.5831439479674058e-12 4.6044261231255783e-11 -7.5831439479674058e-12 6.2826815950850739e-11 -6.5240762581700618e-12 4.604426123125577e-11 -6.5240762581700634e-12 7.780645976313276e-11</rotation_covariance>
        <location>-1.0035978519768434 0.53636848931528813 -0.93246873822414944</location>
        <location_covariance>3.6432425488095799e-09 -1.7548694818643252e-09 3.0957218599210458e-09 -1.7548694818643252e-09 1.1274893547550492e-09 -1.5615765928682885e-09 3.0957218599210458e-09 -1.5615765928682885e-09 3.2955915395037314e-09</location_covariance>
        <covariance>
          <params>f cx cy k1 k2 k3 p1 p2</params>
          <coeffs>0.00053793210207023852 -7.2299794067742638e-06 3.6733323832431548e-05 -3.2145518955683521e-07 2.2658017039096075e-07 -5.0788404429648338e-08 1.9984644506955663e-10 2.5036842331994074e-09 -7.2299794067742638e-06 0.00069763580031932779 7.7442258730244408e-06 3.4113786585932938e-09 -2.6467039617318079e-09 4.9362680441658074e-10 -1.7540650716600017e-08 2.1837625223107066e-10 3.6733323832431548e-05 7.7442258730244408e-06 0.0018726685818803127 -6.0556421701190545e-08 4.3261605637602089e-08 -8.1240215946734688e-09 4.7325079235392327e-10 -5.3513182731868041e-08 -3.2145518955683521e-07 3.4113786585932938e-09 -6.0556421701190545e-08 3.0245369927453191e-10 -2.343800288733904e-10 5.4537026228905654e-11 -6.9144035359974506e-14 3.8210295263881954e-13 2.2658017039096075e-07 -2.6467039617318079e-09 4.3261605637602089e-08 -2.343800288733904e-10 1.9430520190160098e-10 -4.7062992191052418e-11 2.1742324363503469e-14 -1.5067029552863507e-12 -5.0788404429648338e-08 4.9362680441658074e-10 -8.1240215946734688e-09 5.4537026228905654e-11 -4.7062992191052418e-11 1.1739096100277128e-11 2.6090565253406815e-15 3.4005570402394071e-13 1.9984644506955663e-10 -1.7540650716600017e-08 4.7325079235392327e-10 -6.9144035359974506e-14 2.1742324363503469e-14 2.6090565253406815e-15 8.029542770745954e-13 -1.6511961806178627e-14 2.5036842331994074e-09 2.1837625223107066e-10 -5.3513182731868041e-08 3.8210295263881954e-13 -1.5067029552863507e-12 3.4005570402394071e-13 -1.6511961806178627e-14 2.3562588089023706e-12</coeffs>
        </covariance>
        <black_level>0 0 0</black_level>
        <sensitivity>1 1 1</sensitivity>
      </sensor>
      <sensor id="5" label="Camera 5" type="fisheye" master_id="6">
        <resolution width="5784" height="8660"/>
        <property name="pixel_width" value="0.0041666699999999999"/>
        <property name="pixel_height" value="0.0041666699999999999"/>
        <property name="focal_length" value="12"/>
        <property name="layer_index" value="0"/>
        <bands>
          <band label="Red"/>
          <band label="Green"/>
          <band label="Blue"/>
        </bands>
        <data_type>uint8</data_type>
        <calibration type="fisheye" class="adjusted">
          <resolution width="5784" height="8660"/>
          <f>2924.8075720395886</f>
          <cx>46.59362111990356</cx>
          <cy>-12.576862318151928</cy>
          <k1>-0.041821267634082934</k1>
          <k2>0.0044221923489514703</k2>
          <k3>-0.0006612825246714684</k3>
          <p1>0.00023500178722958616</p1>
          <p2>-0.00016860164852546873</p2>
        </calibration>
        <rotation>0.99999881005380997 0.0014889729824872824 0.00040354729732313733 -0.0014905463410234347 0.99999117853404418 0.0039269741148086623 -0.00039769657908448767 -0.0039275709478682449 0.99999220798158361</rotation>
        <rotation_covariance>3.331540076508984e-11 8.7816250940093401e-13 1.2662176855024689e-13 8.7816250940093401e-13 5.0308871768807433e-11 -1.0954882908872609e-11 1.2662176855024687e-13 -1.0954882908872609e-11 5.2978743289024212e-12</rotation_covariance>
        <location>-0.38720473015191309 -0.00032285725027691726 -0.0007996744056885368</location>
        <location_covariance>6.4697671261392393e-10 -2.4619338442140791e-13 1.0048715976043717e-11 -2.4619338442140791e-13 9.3490876828401693e-11 2.7475979125642852e-11 1.0048715976043717e-11 2.7475979125642852e-11 2.6222677666882245e-10</location_covariance>
        <covariance>
          <params>f cx cy k1 k2 k3 p1 p2</params>
          <coeffs>0.00053974447231666222 2.1533558972036174e-05 9.2795578753158877e-05 -3.150496777074515e-07 2.1443123476431467e-07 -4.6436917566806295e-08 9.6083808938165907e-13 2.8341019696569169e-10 2.1533558972036174e-05 0.00070063851032505344 3.0690830067249079e-05 -5.1578763078116828e-09 2.9273428002629305e-09 -6.1481373397583476e-10 -1.7722534356064225e-08 -1.9854721463307015e-10 9.2795578753158877e-05 3.0690830067249079e-05 0.0018745777863691223 -6.2309306611587213e-08 4.4722239650644568e-08 -8.243159262642162e-09 -2.802711288725362e-10 -5.4291366586488416e-08 -3.150496777074515e-07 -5.1578763078116828e-09 -6.2309306611587213e-08 2.7340033686753456e-10 -2.0306043637683163e-10 4.5777333661486546e-11 -2.8870145384478461e-14 -1.6612541712723105e-13 2.1443123476431467e-07 2.9273428002629305e-09 4.4722239650644568e-08 -2.0306043637683163e-10 1.6168542114894731e-10 -3.791797513988285e-11 -7.1791505803119058e-14 -1.27772277261679e-12 -4.6436917566806295e-08 -6.1481373397583476e-10 -8.243159262642162e-09 4.5777333661486546e-11 -3.791797513988285e-11 9.1406158246134493e-12 2.5536872350929607e-14 3.006741321745437e-13 9.6083808938165907e-13 -1.7722534356064225e-08 -2.802711288725362e-10 -2.8870145384478461e-14 -7.1791505803119058e-14 2.5536872350929607e-14 7.6829696867595364e-13 1.5285730600262056e-14 2.8341019696569169e-10 -1.9854721463307015e-10 -5.4291366586488416e-08 -1.6612541712723105e-13 -1.27772277261679e-12 3.006741321745437e-13 1.5285730600262056e-14 2.4229176565810479e-12</coeffs>
        </covariance>
        <black_level>0 0 0</black_level>
        <sensitivity>1 1 1</sensitivity>
      </sensor>
      <sensor id="6" label="Camera 6" type="fisheye">
        <resolution width="5784" height="8660"/>
        <property name="pixel_width" value="0.0041666699999999999"/>
        <property name="pixel_height" value="0.0041666699999999999"/>
        <property name="focal_length" value="12"/>
        <property name="layer_index" value="0"/>
        <bands>
          <band label="Red"/>
          <band label="Green"/>
          <band label="Blue"/>
        </bands>
        <data_type>uint8</data_type>
        <calibration type="fisheye" class="adjusted">
          <resolution width="5784" height="8660"/>
          <f>2915.5782657892555</f>
          <cx>12.177942657636065</cx>
          <cy>0.94592659019157466</cy>
          <k1>-0.042624259878583398</k1>
          <k2>0.0046877981975111194</k2>
          <k3>-0.00074190463375563601</k3>
          <p1>-0.000121424997303818</p1>
          <p2>-8.3556342216804927e-05</p2>
        </calibration>
        <covariance>
          <params>f cx cy k1 k2 k3 p1 p2</params>
          <coeffs>0.00062257295408055702 -1.0914355328929721e-05 9.0997763198548341e-05 -3.7026852647755182e-07 2.5205722036678953e-07 -5.4290721004401997e-08 2.0232065682580878e-10 2.8189733931269737e-11 -1.0914355328929721e-05 0.00071002846439925063 1.7095334744222475e-05 -4.8546421981737585e-09 2.5184227323584529e-09 -3.987909990747933e-10 -1.8662082132365076e-08 -5.2132260803411073e-10 9.0997763198548341e-05 1.7095334744222475e-05 0.0018878704188024845 -5.7855022464887202e-08 4.1888839203774029e-08 -7.7070845575825418e-09 -1.0024056649168092e-10 -5.4721163350229356e-08 -3.7026852647755182e-07 -4.8546421981737585e-09 -5.7855022464887202e-08 3.1577073499152771e-10 -2.3272215560961519e-10 5.2065077841778563e-11 4.3061918733056971e-13 -2.1868454642982813e-13 2.5205722036678953e-07 2.5184227323584529e-09 4.1888839203774029e-08 -2.3272215560961519e-10 1.8273209084829882e-10 -4.2404082161715866e-11 -2.2607111117438322e-13 -1.2744330458525112e-12 -5.4290721004401997e-08 -3.987909990747933e-10 -7.7070845575825418e-09 5.2065077841778563e-11 -4.2404082161715866e-11 1.0097988357546343e-11 4.275673324428272e-14 3.0124875973481301e-13 2.0232065682580878e-10 -1.8662082132365076e-08 -1.0024056649168092e-10 4.3061918733056971e-13 -2.2607111117438322e-13 4.275673324428272e-14 8.3063260546160525e-13 -1.7107316781210904e-14 2.8189733931269737e-11 -5.2132260803411073e-10 -5.4721163350229356e-08 -2.1868454642982813e-13 -1.2744330458525112e-12 3.0124875973481301e-13 -1.7107316781210904e-14 2.470035945307576e-12</coeffs>
        </covariance>
        <black_level>0 0 0</black_level>
        <sensitivity>1 1 1</sensitivity>
      </sensor>
      <sensor id="7" label="Camera 7" type="fisheye" master_id="6">
        <resolution width="5784" height="8660"/>
        <property name="pixel_width" value="0.0041666699999999999"/>
        <property name="pixel_height" value="0.0041666699999999999"/>
        <property name="focal_length" value="12"/>
        <property name="layer_index" value="0"/>
        <bands>
          <band label="Red"/>
          <band label="Green"/>
          <band label="Blue"/>
        </bands>
        <data_type>uint8</data_type>
        <calibration type="fisheye" class="adjusted">
          <resolution width="5784" height="8660"/>
          <f>2910.7457663775403</f>
          <cx>4.6601199755408018</cx>
          <cy>9.3893153150531621</cy>
          <k1>-0.042096131586077348</k1>
          <k2>0.0046432096844943533</k2>
          <k3>-0.00073197569876306385</k3>
          <p1>-4.6985814781300695e-05</p1>
          <p2>6.2976850106808476e-05</p2>
        </calibration>
        <rotation>0.0058238134371469069 0.01461656626756901 0.99987621193205412 0.0043954022868613104 0.99988313537510032 -0.01464226864908116 -0.99997338146361947 0.004480132029413211 0.0057588871505755597</rotation>
        <rotation_covariance>1.0245464919460337e-10 7.092041171493026e-12 -5.3771246164215127e-11 7.0920411714930277e-12 6.679298172636639e-11 -1.0512742286209769e-11 -5.3771246164215127e-11 -1.0512742286209769e-11 8.0555244774776212e-11</rotation_covariance>
        <location>0.53178815725136019 -0.53883826259508683 -0.92427299862136281</location>
        <location_covariance>1.3784754346976988e-09 -9.505841833443684e-10 -1.6174316464678364e-09 -9.505841833443684e-10 1.2525642034790647e-09 1.6330098280211261e-09 -1.6174316464678364e-09 1.6330098280211261e-09 3.1438236904035857e-09</location_covariance>
        <covariance>
          <params>f cx cy k1 k2 k3 p1 p2</params>
          <coeffs>0.00083318062034567846 -4.2624015184530752e-06 0.0001286372020467972 -4.8854141127502031e-07 3.372281167820345e-07 -7.3578128065043885e-08 3.4822530757946955e-10 -8.5021703027830501e-10 -4.2624015184530752e-06 0.00079344244757858856 8.8264366003051374e-06 4.3864089303671246e-09 -2.0065599924040767e-09 2.5425386062579998e-10 -2.1280235250044634e-08 -5.5886192106709602e-10 0.0001286372020467972 8.8264366003051374e-06 0.0021403883003935542 -2.6697292166914802e-08 2.9609413641255216e-08 -5.587029037983826e-09 2.708688531291392e-11 -6.697483579320845e-08 -4.8854141127502031e-07 4.3864089303671246e-09 -2.6697292166914802e-08 4.2035399832957222e-10 -3.1097501728812697e-10 7.0462397373023704e-11 -7.0158867730003333e-14 -3.6476470036607868e-12 3.372281167820345e-07 -2.0065599924040767e-09 2.9609413641255216e-08 -3.1097501728812697e-10 2.473768582118025e-10 -5.8308819831736103e-11 -2.2193182408042143e-14 -5.276574231151966e-13 -7.3578128065043885e-08 2.5425386062579998e-10 -5.587029037983826e-09 7.0462397373023704e-11 -5.8308819831736103e-11 1.4112760742652598e-11 1.8055593780135184e-14 2.5772184754623071e-13 3.4822530757946955e-10 -2.1280235250044634e-08 2.708688531291392e-11 -7.0158867730003333e-14 -2.2193182408042143e-14 1.8055593780135184e-14 1.0093032668704027e-12 5.9841261906305274e-15 -8.5021703027830501e-10 -5.5886192106709602e-10 -6.697483579320845e-08 -3.6476470036607868e-12 -5.276574231151966e-13 2.5772184754623071e-13 5.9841261906305274e-15 3.7002244441594105e-12</coeffs>
        </covariance>
        <black_level>0 0 0</black_level>
        <sensitivity>1 1 1</sensitivity>
      </sensor>
      <sensor id="8" label="Camera 8" type="fisheye" master_id="6">
        <resolution width="5784" height="8660"/>
        <property name="pixel_width" value="0.0041666699999999999"/>
        <property name="pixel_height" value="0.0041666699999999999"/>
        <property name="focal_length" value="12"/>
        <property name="layer_index" value="0"/>
        <bands>
          <band label="Red"/>
          <band label="Green"/>
          <band label="Blue"/>
        </bands>
        <data_type>uint8</data_type>
        <calibration type="fisheye" class="adjusted">
          <resolution width="5784" height="8660"/>
          <f>2858.6467301694893</f>
          <cx>11.098480900249239</cx>
          <cy>4.7703821543601634</cy>
          <k1>-0.027196086821512155</k1>
          <k2>-0.00082439678425745469</k2>
          <k3>-0.00017816732563946704</k3>
          <p1>-0.00040109590678880504</p1>
          <p2>0.00011792807428211762</p2>
        </calibration>
        <rotation>0.0085881130632969125 -0.99991274459172397 -0.010037306265140133 -0.0018493867151612928 0.010021776745174358 -0.99994807053148826 0.99996141129685134 0.0086062299480128123 -0.001763157194385857</rotation>
        <rotation_covariance>5.2210045498733836e-11 -5.3878324902886107e-12 1.0419501963946491e-11 -5.3878324902886099e-12 1.0387631855486454e-10 1.316329925648277e-12 1.0419501963946491e-11 1.316329925648277e-12 5.7845146801404994e-11</rotation_covariance>
        <location>-0.24233430800886555 -1.0062491376946556 -0.73772660867588291</location>
        <location_covariance>4.3921263990570539e-10 7.9595572363634178e-10 5.7860841952461674e-10 7.9595572363634178e-10 5.0581536478378871e-09 2.3919438922336417e-09 5.7860841952461674e-10 2.3919438922336417e-09 2.1251262834324406e-09</location_covariance>
        <covariance>
          <params>f cx cy k1 k2 k3 p1 p2</params>
          <coeffs>0.047608850851373091 -0.00019459135145504219 -0.00028486007713055314 -2.1264376074052188e-05 1.0766989713978859e-05 -1.9030633576411533e-06 2.5212435873811531e-08 4.9619788263285268e-09 -0.00019459135145504219 0.00046442422693250193 2.7083160649784533e-05 8.438529290554037e-08 -3.687106323335136e-08 4.9406076026438926e-09 -3.2032952232915814e-08 -1.1926334873202745e-09 -0.00028486007713055314 2.7083160649784533e-05 0.00088948069402967325 1.662636215834735e-07 -5.8795238268853162e-08 1.3039856528996004e-09 -1.4186754124708848e-09 -4.6360531646473413e-08 -2.1264376074052188e-05 8.438529290554037e-08 1.662636215834735e-07 1.2009767366460304e-08 -6.9636192808449783e-09 1.3213666035051281e-09 -1.1154762494828497e-11 -5.0970610707265583e-12 1.0766989713978859e-05 -3.687106323335136e-08 -5.8795238268853162e-08 -6.9636192808449783e-09 4.3388972391071401e-09 -8.5892476407265691e-10 5.0894715071715337e-12 3.7261944358403302e-13 -1.9030633576411533e-06 4.9406076026438926e-09 1.3039856528996004e-09 1.3213666035051281e-09 -8.5892476407265691e-10 1.7515189204251294e-10 -7.405526446360812e-13 7.025355833551032e-13 2.5212435873811531e-08 -3.2032952232915814e-08 -1.4186754124708848e-09 -1.1154762494828497e-11 5.0894715071715337e-12 -7.405526446360812e-13 2.7766590397084331e-12 8.1233389499480889e-14 4.9619788263285268e-09 -1.1926334873202745e-09 -4.6360531646473413e-08 -5.0970610707265583e-12 3.7261944358403302e-13 7.025355833551032e-13 8.1233389499480889e-14 3.2347547295360368e-12</coeffs>
        </covariance>
        <black_level>0 0 0</black_level>
        <sensitivity>1 1 1</sensitivity>
      </sensor>
    </sensors>
    <components next_id="1" active_id="0">
      <component id="0" label="Component 1">
        <transform>
          <rotation locked="false">0.99975828285117263 0.00021085040647332782 0.02198479958018067 -0.00020146013188507761 0.99999988754061253 -0.00042933969947728343 -0.021984887634233726 0.00042480686008635664 0.99975821289691924</rotation>
          <translation locked="false">-1.6594184738771613 1.5054637216781268 -0.26979378599946369</translation>
          <scale locked="true">0.47444424104205696</scale>
        </transform>
        <region>
          <center>5.59056512850134 0.72842859651348912 2.8068171807990043</center>
          <size>14.962165563553993 8.8798917717681682 13.988495516688435</size>
          <R>-0.99976199509026609 -0.00080684081466749597 -0.021801426123775568 0.00082259259564837841 -0.99999940709142077 -0.00071355324181985127 -0.021800837473643975 -0.00073131710434876833 0.99976206602408202</R>
        </region>
        <partition>
          <camera_ids>0 9 18 27 36 45 54 63 72 81 90 99 108 117 126 135 144 153 162 171 180 189 198 207 216 225 234 243 252 261 270 279 288 297 306 315 324 333 342 351 360 369 378 387 396 405 414 423 432 441 450 459 468 477 486 495 504 513 522 531 540 549 558 567 576 585 594 603 612 621 630 639 648 657 666 675 684 693 702 711 720 729 738 747 756</camera_ids>
        </partition>
      </component>
    </components>
    <cameras next_id="765" next_group_id="0">
      <camera id="0" sensor_id="0" component_id="0" label="0_REN0001">
        <transform>0.9999686452220149 -0.00029619321415315836 0.007913333205839021 7.2077426337875394 -0.00030008771107137473 -0.99999983445239282 0.00049096084641941928 0.012248117241924206 0.0079131864765345193 -0.00049332014649978301 -0.99996856856354266 2.5310770786306938 0 0 0 1</transform>
      </camera>
      <camera id="9" sensor_id="0" component_id="0" label="0_REN0010">
        <transform>0.99980115499810363 -0.0019644700679253739 0.019844176017392745 7.2693445167423549 -0.0018743749970832266 -0.99998785694205039 -0.0045577063108513428 0.0091890873653828319 0.019852888526039465 0.0045196046063668213 -0.99979269650831859 1.2968472895590044 0 0 0 1</transform>
        <rotation_covariance>4.7954911729268857e-11 4.4542837969149581e-12 9.1058015024018493e-12 4.4542837969149581e-12 2.7689300846069666e-11 2.136286882800029e-12 9.1058015024018493e-12 2.1362868828000286e-12 3.1569069662457739e-11</rotation_covariance>
        <location_covariance>5.1559643630319069e-10 -1.5902338193646494e-10 -2.1471662222756926e-10 -1.5902338193646494e-10 6.9084235288155396e-10 8.3622140140090312e-11 -2.1471662222756926e-10 8.3622140140090312e-11 5.8018552509061695e-09</location_covariance>
      </camera>
      <camera id="18" sensor_id="0" component_id="0" label="0_REN0019">
        <transform>0.99933566737521828 -0.0032698311999793464 0.036297825219299792 7.2621669606712596 -0.0032738543363294804 -0.99999463960350687 5.1400757102082473e-05 0.014587440100132756 0.036297462576765485 -0.00017020040239573708 -0.99934101549086418 -0.15976040224547991 0 0 0 1</transform>
        <rotation_covariance>7.4832553622929165e-11 8.9472148842101127e-12 8.4842336663257622e-12 8.9472148842101127e-12 3.7998658699247352e-11 2.4258346166341887e-12 8.4842336663257622e-12 2.4258346166341883e-12 4.3320472914588154e-11</rotation_covariance>
        <location_covariance>9.8193936926418367e-10 -1.8078208249594887e-10 -4.05458152256048e-10 -1.8078208249594887e-10 1.607021684583099e-09 4.0959368529608496e-10 -4.05458152256048e-10 4.0959368529608496e-10 2.4797190901511491e-08</location_covariance>
      </camera>
      <camera id="27" sensor_id="0" component_id="0" label="0_REN0028">
        <transform>0.99883500058969021 0.000277721259952457 0.048255201459489971 7.2796022139462702 -0.00017744930357615942 -0.99995553939255666 0.0094280300108293691 0.039243040317544567 0.048255674368294289 -0.009425609213318864 -0.99879054249738386 -1.7109469341774186 0 0 0 1</transform>
        <rotation_covariance>1.0224145371633117e-10 5.1284589573094081e-12 1.1825915550518722e-11 5.1284589573094089e-12 4.8856334361327604e-11 2.2710725452643088e-12 1.1825915550518722e-11 2.2710725452643084e-12 4.8944377686318696e-11</rotation_covariance>
        <location_covariance>1.740323704822368e-09 -2.2660323451804529e-10 -7.5319776184159169e-10 -2.2660323451804529e-10 3.6054546230256407e-09 7.1326162221791333e-10 -7.5319776184159169e-10 7.1326162221791333e-10 5.9843628123286298e-08</location_covariance>
      </camera>
      <camera id="36" sensor_id="0" component_id="0" label="0_REN0037">
        <transform>0.99958260235545549 -0.00045336528520558556 0.028886251543153215 7.2913044047532107 -0.00082441592947844506 -0.99991729302715848 0.012834618950896159 0.066253355141079329 0.028878043678050167 -0.012853076097092297 -0.9995003036658725 -3.1600225022418904 0 0 0 1</transform>
        <rotation_covariance>1.437316211829082e-10 4.5054322028127321e-12 9.8891650208151732e-12 4.5054322028127321e-12 5.016946034448087e-11 1.7127316378777621e-12 9.8891650208151732e-12 1.7127316378777621e-12 5.1321737553400759e-11</rotation_covariance>
        <location_covariance>2.7427864640926441e-09 -2.4107119733713748e-10 -1.1130642738581545e-09 -2.4107119733713748e-10 6.9390480748434637e-09 1.1272760664956503e-09 -1.1130642738581545e-09 1.1272760664956503e-09 1.0634785987900628e-07</location_covariance>
      </camera>
      <camera id="45" sensor_id="0" component_id="0" label="0_REN0046">
        <transform>0.99942634052840185 -0.0015195134936369526 0.03383313371162832 5.5844358853961902 -0.0020663945834382062 -0.99986768756007938 0.016134974021830562 0.062199551565136402 0.03380413985641112 -0.01619563064540136 -0.99929724390521857 -3.0106810419402397 0 0 0 1</transform>
        <rotation_covariance>1.3213505453267944e-10 6.1559938162674168e-12 2.8297714497633553e-11 6.155993816267416e-12 4.2488573587409953e-11 1.5261509347989868e-12 2.8297714497633553e-11 1.5261509347989864e-12 5.4799994901226535e-11</rotation_covariance>
        <location_covariance>1.141250303364321e-08 -3.0386674141701282e-10 2.8797866738957665e-08 -3.0386674141701282e-10 6.5347383748036389e-09 1.1413546538558297e-09 2.8797866738957665e-08 1.1413546538558297e-09 1.0072956313046287e-07</location_covariance>
      </camera>
      <camera id="54" sensor_id="0" component_id="0" label="0_REN0055">
        <transform>0.99990800718198414 -0.0039426051576845252 -0.012978175446648983 4.1482437690586842 -0.0037893682319593953 -0.99992307026695404 0.011810767812094447 0.062102945119946351 -0.013023742233168621 -0.011760502220534375 -0.99984602450865645 -3.2166723372094004 0 0 0 1</transform>
        <rotation_covariance>1.4330475318599677e-10 6.1796339723511216e-12 3.8482468849282609e-11 6.1796339723511208e-12 3.7391895591924683e-11 1.9679088481172139e-13 3.8482468849282596e-11 1.9679088481172154e-13 5.2449993980885104e-11</rotation_covariance>
        <location_covariance>3.3342313889246296e-08 -1.1855760595083006e-10 5.6057125802190176e-08 -1.1855760595083006e-10 7.5604709998588987e-09 1.521783649543045e-09 5.6057125802190176e-08 1.521783649543045e-09 1.0853582266900928e-07</location_covariance>
      </camera>
      <camera id="63" sensor_id="0" component_id="0" label="0_REN0064">
        <transform>0.99962911943636512 0.0034681324181671312 0.027011027977596982 2.9206724677074574 0.0031866531163638741 -0.9999402465594559 0.010456985824352116 0.063967205515354258 0.027045680187276433 -0.010367032755074779 -0.99958043989218937 -3.4302702275612704 0 0 0 1</transform>
        <rotation_covariance>1.4683340368642172e-10 6.8780632096325341e-12 5.9165325897093101e-11 6.8780632096325333e-12 4.0097857350471682e-11 -4.4494015131802022e-13 5.9165325897093114e-11 -4.4494015131802032e-13 7.7151453493438586e-11</rotation_covariance>
        <location_covariance>6.2763299656114967e-08 1.2414315519858039e-10 8.1364010082558538e-08 1.2414315519858039e-10 9.1651967003107382e-09 1.9525956342039819e-09 8.1364010082558538e-08 1.9525956342039819e-09 1.1710333558774678e-07</location_covariance>
      </camera>
      <camera id="72" sensor_id="0" component_id="0" label="0_REN0073">
        <transform>0.99998143673945838 0.00025543025817503654 0.0060877690389660446 1.4513902619293308 0.00020559905785038168 -0.99996648379018593 0.0081846823590847606 0.053121298191341919 0.0060896556155496965 -0.0081832787851147115 -0.99994797366803512 -3.2271532050683676 0 0 0 1</transform>
        <rotation_covariance>1.3998238218719938e-10 6.0594688560056883e-12 7.9041018567888415e-11 6.0594688560056891e-12 3.7458386803693192e-11 -1.3900708460562489e-12 7.9041018567888415e-11 -1.3900708460562484e-12 1.0352455625380292e-10</rotation_covariance>
        <location_covariance>1.1024641182771765e-07 8.6663126170159434e-10 1.0540843409731794e-07 8.6663126170159434e-10 1.0097381134155859e-08 2.4348746587340919e-09 1.0540843409731794e-07 2.4348746587340919e-09 1.1006371405413567e-07</location_covariance>
      </camera>
